3,3:[array([[[0.        , 0.        ],
        [0.21157215, 0.16264822]],

       [[0.21019409, 0.16252585],
        [0.        , 0.        ]]]), array([[[0.        , 0.        ],
        [0.16691665, 0.10101228]],

       [[0.16723693, 0.10119646],
        [0.        , 0.        ]]]), array([[[0.        , 0.        ],
        [0.19325132, 0.09832617]],

       [[0.19366543, 0.09848327],
        [0.        , 0.        ]]]), array([[[0.        , 0.        ],
        [0.06648097, 0.07765702]],

       [[0.06601278, 0.07782844],
        [0.        , 0.        ]]]), array([[[0.        , 0.        ],
        [0.07414016, 0.15901177]],

       [[0.0739606 , 0.15946304],
        [0.        , 0.        ]]]), array([[[0.        , 0.        ],
        [0.04443055, 0.152391  ]],

       [[0.04437636, 0.15151273],
        [0.        , 0.        ]]]), array([[[0.        , 0.        ],
        [0.14462072, 0.15374066]],

       [[0.14433523, 0.15417697],
        [0.        , 0.        ]]]), array([[[0.        , 0.        ],
        [0.03903849, 0.08757817]],

       [[0.0388932 , 0.08766094],
        [0.        , 0.        ]]]), array([[[0.        , 0.        ],
        [0.09985506, 0.07916175]],

       [[0.1004741 , 0.07939538],
        [0.        , 0.        ]]]), array([[[0.        , 0.        ],
        [0.12709294, 0.07305078]],

       [[0.12682118, 0.07299381],
        [0.        , 0.        ]]])]
3,6:[array([[[0.        , 0.        ],
        [0.36653807, 0.24799952]],

       [[0.36427361, 0.2490376 ],
        [0.        , 0.        ]]]), array([[[0.        , 0.        ],
        [0.43874882, 0.26848853]],

       [[0.43592459, 0.26896495],
        [0.        , 0.        ]]]), array([[[0.        , 0.        ],
        [0.4713201 , 0.2757344 ]],

       [[0.46808219, 0.27419424],
        [0.        , 0.        ]]]), array([[[0.        , 0.        ],
        [0.42877854, 0.3760887 ]],

       [[0.42574924, 0.3781631 ],
        [0.        , 0.        ]]]), array([[[0.        , 0.        ],
        [0.54830262, 0.23649642]],

       [[0.54458976, 0.23651337],
        [0.        , 0.        ]]]), array([[[0.        , 0.        ],
        [0.29537206, 0.20634235]],

       [[0.29597231, 0.20562738],
        [0.        , 0.        ]]]), array([[[0.        , 0.        ],
        [0.4147929 , 0.1844888 ]],

       [[0.41208496, 0.18501237],
        [0.        , 0.        ]]]), array([[[0.        , 0.        ],
        [0.4713201 , 0.26882653]],

       [[0.46808219, 0.26958945],
        [0.        , 0.        ]]]), array([[[0.        , 0.        ],
        [0.42213081, 0.3572183 ]],

       [[0.42242308, 0.35489153],
        [0.        , 0.        ]]]), array([[[0.        , 0.        ],
        [0.54830262, 0.17151669]],

       [[0.54458976, 0.17097352],
        [0.        , 0.        ]]]), array([[[0.        , 0.        ],
        [0.35501449, 0.22812293]],

       [[0.35573595, 0.22847486],
        [0.        , 0.        ]]]), array([[[0.        , 0.        ],
        [0.4385925 , 0.25299115]],

       [[0.43592459, 0.25298187],
        [0.        , 0.        ]]]), array([[[0.        , 0.        ],
        [0.4713201 , 0.27539405]],

       [[0.46808219, 0.27419424],
        [0.        , 0.        ]]]), array([[[0.        , 0.        ],
        [0.42877854, 0.37790883]],

       [[0.42574924, 0.3781631 ],
        [0.        , 0.        ]]]), array([[[0.        , 0.        ],
        [0.54830262, 0.21430893]],

       [[0.54458976, 0.2137169 ],
        [0.        , 0.        ]]]), array([[[0.        , 0.        ],
        [0.33229356, 0.21355514]],

       [[0.33296884, 0.213624  ],
        [0.        , 0.        ]]]), array([[[0.        , 0.        ],
        [0.43179261, 0.26190057]],

       [[0.43251893, 0.26322857],
        [0.        , 0.        ]]]), array([[[0.        , 0.        ],
        [0.4713201 , 0.26622951]],

       [[0.46808219, 0.26716387],
        [0.        , 0.        ]]]), array([[[0.        , 0.        ],
        [0.42213081, 0.36553647]],

       [[0.42242308, 0.36361837],
        [0.        , 0.        ]]]), array([[[0.        , 0.        ],
        [0.54830262, 0.22829069]],

       [[0.54458976, 0.22796469],
        [0.        , 0.        ]]]), array([[[0.        , 0.        ],
        [0.3664088 , 0.24111064]],

       [[0.36427361, 0.24218336],
        [0.        , 0.        ]]]), array([[[0.        , 0.        ],
        [0.43861956, 0.24578408]],

       [[0.43592459, 0.24487853],
        [0.        , 0.        ]]]), array([[[0.        , 0.        ],
        [0.4713201 , 0.27411804]],

       [[0.46808219, 0.27419424],
        [0.        , 0.        ]]]), array([[[0.        , 0.        ],
        [0.42877854, 0.37829805]],

       [[0.42574924, 0.3781631 ],
        [0.        , 0.        ]]]), array([[[0.        , 0.        ],
        [0.54830262, 0.20881775]],

       [[0.54458976, 0.20944256],
        [0.        , 0.        ]]])]
3,9:[array([[[0.        , 0.        ],
        [0.75651259, 0.34156986]],

       [[0.75119531, 0.34215102],
        [0.        , 0.        ]]]), array([[[0.        , 0.        ],
        [0.79873087, 0.35736395]],

       [[0.79281163, 0.35728473],
        [0.        , 0.        ]]]), array([[[0.        , 0.        ],
        [0.50828235, 0.37309992]],

       [[0.50475097, 0.37316649],
        [0.        , 0.        ]]]), array([[[0.        , 0.        ],
        [0.65684054, 0.27360118]],

       [[0.65215492, 0.27452224],
        [0.        , 0.        ]]]), array([[[0.        , 0.        ],
        [0.48580853, 0.36321977]],

       [[0.4822084 , 0.36327233],
        [0.        , 0.        ]]]), array([[[0.        , 0.        ],
        [0.75651259, 0.34221788]],

       [[0.75119531, 0.34215102],
        [0.        , 0.        ]]]), array([[[0.        , 0.        ],
        [0.79873087, 0.34182639]],

       [[0.79281163, 0.34188452],
        [0.        , 0.        ]]]), array([[[0.        , 0.        ],
        [0.50828235, 0.37436753]],

       [[0.50475097, 0.37316649],
        [0.        , 0.        ]]]), array([[[0.        , 0.        ],
        [0.65684054, 0.26600115]],

       [[0.65215492, 0.26702163],
        [0.        , 0.        ]]]), array([[[0.        , 0.        ],
        [0.48580853, 0.36391445]],

       [[0.4822084 , 0.36327233],
        [0.        , 0.        ]]]), array([[[0.        , 0.        ],
        [0.75651259, 0.34221788]],

       [[0.75119531, 0.34215102],
        [0.        , 0.        ]]]), array([[[0.        , 0.        ],
        [0.79873087, 0.35736395]],

       [[0.79281163, 0.35728473],
        [0.        , 0.        ]]]), array([[[0.        , 0.        ],
        [0.50828235, 0.37309992]],

       [[0.50475097, 0.37316649],
        [0.        , 0.        ]]]), array([[[0.        , 0.        ],
        [0.65684054, 0.27360118]],

       [[0.65215492, 0.27452224],
        [0.        , 0.        ]]]), array([[[0.        , 0.        ],
        [0.48580853, 0.36391445]],

       [[0.4822084 , 0.36327233],
        [0.        , 0.        ]]]), array([[[0.        , 0.        ],
        [0.75651259, 0.34156986]],

       [[0.75119531, 0.34215102],
        [0.        , 0.        ]]]), array([[[0.        , 0.        ],
        [0.79873087, 0.3449339 ]],

       [[0.79281163, 0.34496456],
        [0.        , 0.        ]]]), array([[[0.        , 0.        ],
        [0.50828235, 0.37309992]],

       [[0.50475097, 0.37316649],
        [0.        , 0.        ]]]), array([[[0.        , 0.        ],
        [0.65684054, 0.27360118]],

       [[0.65215492, 0.27452224],
        [0.        , 0.        ]]]), array([[[0.        , 0.        ],
        [0.48580853, 0.36363055]],

       [[0.4822084 , 0.36385022],
        [0.        , 0.        ]]]), array([[[0.        , 0.        ],
        [0.75651259, 0.34156986]],

       [[0.75119531, 0.34215102],
        [0.        , 0.        ]]]), array([[[0.        , 0.        ],
        [0.79873087, 0.35736395]],

       [[0.79281163, 0.35728473],
        [0.        , 0.        ]]]), array([[[0.        , 0.        ],
        [0.50828235, 0.37309992]],

       [[0.50475097, 0.37316649],
        [0.        , 0.        ]]]), array([[[0.        , 0.        ],
        [0.65684054, 0.27360118]],

       [[0.65215492, 0.27452224],
        [0.        , 0.        ]]]), array([[[0.        , 0.        ],
        [0.48580853, 0.36321977]],

       [[0.4822084 , 0.36327233],
        [0.        , 0.        ]]])]
3,12:[array([[[0.        , 0.        ],
        [0.83089119, 0.3693312 ]],

       [[0.82473963, 0.371348  ],
        [0.        , 0.        ]]]), array([[[0.        , 0.        ],
        [0.79919326, 0.32711362]],

       [[0.7933988 , 0.32808767],
        [0.        , 0.        ]]]), array([[[0.        , 0.        ],
        [0.96632783, 0.43170032]],

       [[0.95918399, 0.42843093],
        [0.        , 0.        ]]]), array([[[0.        , 0.        ],
        [0.99493871, 0.35471134]],

       [[0.98748922, 0.35303463],
        [0.        , 0.        ]]]), array([[[0.        , 0.        ],
        [0.93102281, 0.45127373]],

       [[0.92400414, 0.4498774 ],
        [0.        , 0.        ]]]), array([[[0.        , 0.        ],
        [0.83089119, 0.33938542]],

       [[0.82473963, 0.33933524],
        [0.        , 0.        ]]]), array([[[0.        , 0.        ],
        [0.79919326, 0.32416665]],

       [[0.7933988 , 0.32515832],
        [0.        , 0.        ]]]), array([[[0.        , 0.        ],
        [0.96632783, 0.43170032]],

       [[0.95918399, 0.42843093],
        [0.        , 0.        ]]]), array([[[0.        , 0.        ],
        [0.99493871, 0.35667107]],

       [[0.98748922, 0.35537104],
        [0.        , 0.        ]]]), array([[[0.        , 0.        ],
        [0.93102281, 0.45127373]],

       [[0.92400414, 0.4498774 ],
        [0.        , 0.        ]]]), array([[[0.        , 0.        ],
        [0.83089119, 0.3693312 ]],

       [[0.82473963, 0.371348  ],
        [0.        , 0.        ]]]), array([[[0.        , 0.        ],
        [0.79919326, 0.32121968]],

       [[0.7933988 , 0.32222896],
        [0.        , 0.        ]]]), array([[[0.        , 0.        ],
        [0.96632783, 0.41948239]],

       [[0.95918399, 0.42104419],
        [0.        , 0.        ]]]), array([[[0.        , 0.        ],
        [0.99493871, 0.35667107]],

       [[0.98748922, 0.3583038 ],
        [0.        , 0.        ]]]), array([[[0.        , 0.        ],
        [0.93102281, 0.45127373]],

       [[0.92400414, 0.4498774 ],
        [0.        , 0.        ]]]), array([[[0.        , 0.        ],
        [0.83089119, 0.3693312 ]],

       [[0.82473963, 0.371348  ],
        [0.        , 0.        ]]]), array([[[0.        , 0.        ],
        [0.79919326, 0.32416665]],

       [[0.7933988 , 0.32515832],
        [0.        , 0.        ]]]), array([[[0.        , 0.        ],
        [0.96632783, 0.42856457]],

       [[0.95918399, 0.42860595],
        [0.        , 0.        ]]]), array([[[0.        , 0.        ],
        [0.99493871, 0.35713714]],

       [[0.98748922, 0.35617549],
        [0.        , 0.        ]]]), array([[[0.        , 0.        ],
        [0.93102281, 0.45127373]],

       [[0.92400414, 0.4498774 ],
        [0.        , 0.        ]]]), array([[[0.        , 0.        ],
        [0.83089119, 0.3693312 ]],

       [[0.82473963, 0.371348  ],
        [0.        , 0.        ]]]), array([[[0.        , 0.        ],
        [0.79919326, 0.32711362]],

       [[0.7933988 , 0.32808767],
        [0.        , 0.        ]]]), array([[[0.        , 0.        ],
        [0.96632783, 0.43170032]],

       [[0.95918399, 0.42843093],
        [0.        , 0.        ]]]), array([[[0.        , 0.        ],
        [0.99493871, 0.35667107]],

       [[0.98748922, 0.3583038 ],
        [0.        , 0.        ]]]), array([[[0.        , 0.        ],
        [0.93102281, 0.45127373]],

       [[0.92400414, 0.4498774 ],
        [0.        , 0.        ]]])]
3,15:[array([[[0.        , 0.        ],
        [1.48299442, 0.26788486]],

       [[1.47171545, 0.26721321],
        [0.        , 0.        ]]]), array([[[0.        , 0.        ],
        [1.07014606, 0.32600171]],

       [[1.06204355, 0.32568204],
        [0.        , 0.        ]]]), array([[[0.        , 0.        ],
        [1.31608542, 0.31493928]],

       [[1.30623209, 0.31585809],
        [0.        , 0.        ]]]), array([[[0.        , 0.        ],
        [1.11327246, 0.32254833]],

       [[1.1047976 , 0.32252845],
        [0.        , 0.        ]]]), array([[[0.        , 0.        ],
        [1.58763912, 0.28654775]],

       [[1.57561052, 0.28678313],
        [0.        , 0.        ]]]), array([[[0.        , 0.        ],
        [1.48299442, 0.26329255]],

       [[1.47171545, 0.26275966],
        [0.        , 0.        ]]]), array([[[0.        , 0.        ],
        [1.07014606, 0.32600171]],

       [[1.06204355, 0.32568204],
        [0.        , 0.        ]]]), array([[[0.        , 0.        ],
        [1.31608542, 0.31493928]],

       [[1.30623209, 0.31585809],
        [0.        , 0.        ]]]), array([[[0.        , 0.        ],
        [1.11327246, 0.32254833]],

       [[1.1047976 , 0.32252845],
        [0.        , 0.        ]]]), array([[[0.        , 0.        ],
        [1.58763912, 0.28654775]],

       [[1.57561052, 0.28678313],
        [0.        , 0.        ]]]), array([[[0.        , 0.        ],
        [1.48299442, 0.26329255]],

       [[1.47171545, 0.26275966],
        [0.        , 0.        ]]]), array([[[0.        , 0.        ],
        [1.07014606, 0.32600171]],

       [[1.06204355, 0.32568204],
        [0.        , 0.        ]]]), array([[[0.        , 0.        ],
        [1.31608542, 0.31493928]],

       [[1.30623209, 0.31585809],
        [0.        , 0.        ]]]), array([[[0.        , 0.        ],
        [1.11327246, 0.32254833]],

       [[1.1047976 , 0.32252845],
        [0.        , 0.        ]]]), array([[[0.        , 0.        ],
        [1.58763912, 0.28654775]],

       [[1.57561052, 0.28678313],
        [0.        , 0.        ]]]), array([[[0.        , 0.        ],
        [1.48299442, 0.26482332]],

       [[1.47171545, 0.26424417],
        [0.        , 0.        ]]]), array([[[0.        , 0.        ],
        [1.07014606, 0.32600171]],

       [[1.06204355, 0.32568204],
        [0.        , 0.        ]]]), array([[[0.        , 0.        ],
        [1.31608542, 0.31493928]],

       [[1.30623209, 0.31585809],
        [0.        , 0.        ]]]), array([[[0.        , 0.        ],
        [1.11327246, 0.31966844]],

       [[1.1047976 , 0.31964873],
        [0.        , 0.        ]]]), array([[[0.        , 0.        ],
        [1.58763912, 0.28654775]],

       [[1.57561052, 0.28678313],
        [0.        , 0.        ]]]), array([[[0.        , 0.        ],
        [1.48299442, 0.26788486]],

       [[1.47171545, 0.26721321],
        [0.        , 0.        ]]]), array([[[0.        , 0.        ],
        [1.07014606, 0.32600171]],

       [[1.06204355, 0.32568204],
        [0.        , 0.        ]]]), array([[[0.        , 0.        ],
        [1.31608542, 0.31493928]],

       [[1.30623209, 0.31585809],
        [0.        , 0.        ]]]), array([[[0.        , 0.        ],
        [1.11327246, 0.32254833]],

       [[1.1047976 , 0.32252845],
        [0.        , 0.        ]]]), array([[[0.        , 0.        ],
        [1.58763912, 0.28654775]],

       [[1.57561052, 0.28678313],
        [0.        , 0.        ]]])]
3,18:[array([[[0.        , 0.        ],
        [2.29394596, 0.30858836]],

       [[2.27644563, 0.30979224],
        [0.        , 0.        ]]]), array([[[0.        , 0.        ],
        [1.98775515, 0.31160202]],

       [[1.97258174, 0.3117373 ],
        [0.        , 0.        ]]]), array([[[0.        , 0.        ],
        [2.24602894, 0.40718069]],

       [[2.22876954, 0.40682648],
        [0.        , 0.        ]]]), array([[[0.        , 0.        ],
        [1.63123326, 0.35293791]],

       [[1.61887074, 0.35299646],
        [0.        , 0.        ]]]), array([[[0.        , 0.        ],
        [2.12200754, 0.49982998]],

       [[2.10574961, 0.50080039],
        [0.        , 0.        ]]]), array([[[0.        , 0.        ],
        [2.29394596, 0.30858836]],

       [[2.27644563, 0.30831841],
        [0.        , 0.        ]]]), array([[[0.        , 0.        ],
        [1.98775515, 0.31160202]],

       [[1.97258174, 0.31120158],
        [0.        , 0.        ]]]), array([[[0.        , 0.        ],
        [2.24602894, 0.40718069]],

       [[2.22876954, 0.40884877],
        [0.        , 0.        ]]]), array([[[0.        , 0.        ],
        [1.63123326, 0.35293791]],

       [[1.61887074, 0.35260763],
        [0.        , 0.        ]]]), array([[[0.        , 0.        ],
        [2.12200754, 0.49982998]],

       [[2.10574961, 0.49811644],
        [0.        , 0.        ]]]), array([[[0.        , 0.        ],
        [2.29394596, 0.30858836]],

       [[2.27644563, 0.30849292],
        [0.        , 0.        ]]]), array([[[0.        , 0.        ],
        [1.98775515, 0.31160202]],

       [[1.97258174, 0.31226072],
        [0.        , 0.        ]]]), array([[[0.        , 0.        ],
        [2.24602894, 0.40718069]],

       [[2.22876954, 0.40643237],
        [0.        , 0.        ]]]), array([[[0.        , 0.        ],
        [1.63123326, 0.35293791]],

       [[1.61887074, 0.35425717],
        [0.        , 0.        ]]]), array([[[0.        , 0.        ],
        [2.12200754, 0.49338056]],

       [[2.10574961, 0.49606441],
        [0.        , 0.        ]]]), array([[[0.        , 0.        ],
        [2.29394596, 0.30858836]],

       [[2.27644563, 0.30731474],
        [0.        , 0.        ]]]), array([[[0.        , 0.        ],
        [1.98775515, 0.31160202]],

       [[1.97258174, 0.31202604],
        [0.        , 0.        ]]]), array([[[0.        , 0.        ],
        [2.24602894, 0.40718069]],

       [[2.22876954, 0.4082168 ],
        [0.        , 0.        ]]]), array([[[0.        , 0.        ],
        [1.63123326, 0.35293791]],

       [[1.61887074, 0.35167316],
        [0.        , 0.        ]]]), array([[[0.        , 0.        ],
        [2.12200754, 0.49982998]],

       [[2.10574961, 0.50071032],
        [0.        , 0.        ]]]), array([[[0.        , 0.        ],
        [2.29394596, 0.30858836]],

       [[2.27644563, 0.30801347],
        [0.        , 0.        ]]]), array([[[0.        , 0.        ],
        [1.98775515, 0.31160202]],

       [[1.97258174, 0.31103022],
        [0.        , 0.        ]]]), array([[[0.        , 0.        ],
        [2.24602894, 0.40718069]],

       [[2.22876954, 0.40926823],
        [0.        , 0.        ]]]), array([[[0.        , 0.        ],
        [1.63123326, 0.35293791]],

       [[1.61887074, 0.35379565],
        [0.        , 0.        ]]]), array([[[0.        , 0.        ],
        [2.12200754, 0.49982998]],

       [[2.10574961, 0.49766035],
        [0.        , 0.        ]]])]
6,6:[array([[[0.        , 0.        ],
        [0.14364754, 0.11081031]],

       [[0.14342585, 0.11079608],
        [0.        , 0.        ]]]), array([[[0.        , 0.        ],
        [0.20825772, 0.19991551]],

       [[0.20874852, 0.19977739],
        [0.        , 0.        ]]]), array([[[0.        , 0.        ],
        [0.16286937, 0.35469898]],

       [[0.16337388, 0.35489153],
        [0.        , 0.        ]]]), array([[[0.        , 0.        ],
        [0.36128467, 0.10545173]],

       [[0.36069472, 0.10543367],
        [0.        , 0.        ]]]), array([[[0.        , 0.        ],
        [0.12879096, 0.23732256]],

       [[0.1283478 , 0.23751858],
        [0.        , 0.        ]]]), array([[[0.        , 0.        ],
        [0.09389918, 0.34810398]],

       [[0.0935291 , 0.34907363],
        [0.        , 0.        ]]]), array([[[0.        , 0.        ],
        [0.21889601, 0.10499622]],

       [[0.21759628, 0.10543367],
        [0.        , 0.        ]]]), array([[[0.        , 0.        ],
        [0.08974435, 0.21507951]],

       [[0.08951428, 0.21526207],
        [0.        , 0.        ]]]), array([[[0.        , 0.        ],
        [0.15407729, 0.21955275]],

       [[0.15345305, 0.21941602],
        [0.        , 0.        ]]]), array([[[0.        , 0.        ],
        [0.23802284, 0.32580206]],

       [[0.23931825, 0.32660015],
        [0.        , 0.        ]]])]
6,9:[array([[[0.        , 0.        ],
        [0.75651259, 0.3394299 ]],

       [[0.75119531, 0.34215102],
        [0.        , 0.        ]]]), array([[[0.        , 0.        ],
        [0.79873087, 0.32632398]],

       [[0.79281163, 0.32648432],
        [0.        , 0.        ]]]), array([[[0.        , 0.        ],
        [0.29354291, 0.37454457]],

       [[0.29537206, 0.37316649],
        [0.        , 0.        ]]]), array([[[0.        , 0.        ],
        [0.58046373, 0.27481569]],

       [[0.58082548, 0.27452224],
        [0.        , 0.        ]]]), array([[[0.        , 0.        ],
        [0.26361703, 0.36327503]],

       [[0.26300493, 0.36258112],
        [0.        , 0.        ]]]), array([[[0.        , 0.        ],
        [0.65095269, 0.34156986]],

       [[0.64938889, 0.34215102],
        [0.        , 0.        ]]]), array([[[0.        , 0.        ],
        [0.73062204, 0.32628883]],

       [[0.73087322, 0.32648432],
        [0.        , 0.        ]]]), array([[[0.        , 0.        ],
        [0.21670953, 0.32868327]],

       [[0.21589631, 0.32943604],
        [0.        , 0.        ]]]), array([[[0.        , 0.        ],
        [0.46335263, 0.27360118]],

       [[0.46579203, 0.27452224],
        [0.        , 0.        ]]]), array([[[0.        , 0.        ],
        [0.20336171, 0.36321977]],

       [[0.20248266, 0.36327233],
        [0.        , 0.        ]]]), array([[[0.        , 0.        ],
        [0.57178277, 0.34156986]],

       [[0.56996849, 0.34215102],
        [0.        , 0.        ]]]), array([[[0.        , 0.        ],
        [0.65012978, 0.32628883]],

       [[0.65034866, 0.32648432],
        [0.        , 0.        ]]]), array([[[0.        , 0.        ],
        [0.22261979, 0.28722772]],

       [[0.22104547, 0.28716327],
        [0.        , 0.        ]]]), array([[[0.        , 0.        ],
        [0.36915457, 0.24472106]],

       [[0.36901806, 0.24451981],
        [0.        , 0.        ]]]), array([[[0.        , 0.        ],
        [0.18829788, 0.3208134 ]],

       [[0.19002366, 0.31923932],
        [0.        , 0.        ]]]), array([[[0.        , 0.        ],
        [0.65095269, 0.34221788]],

       [[0.65142718, 0.34215102],
        [0.        , 0.        ]]]), array([[[0.        , 0.        ],
        [0.73681375, 0.27656863]],

       [[0.73706706, 0.27720367],
        [0.        , 0.        ]]]), array([[[0.        , 0.        ],
        [0.15859198, 0.17744576]],

       [[0.15871454, 0.17765394],
        [0.        , 0.        ]]]), array([[[0.        , 0.        ],
        [0.45316906, 0.23590806]],

       [[0.45536946, 0.23551908],
        [0.        , 0.        ]]]), array([[[0.        , 0.        ],
        [0.12239362, 0.21817102]],

       [[0.12215203, 0.21839218],
        [0.        , 0.        ]]]), array([[[0.        , 0.        ],
        [0.66854601, 0.34156986]],

       [[0.67156445, 0.34215102],
        [0.        , 0.        ]]]), array([[[0.        , 0.        ],
        [0.74300546, 0.30609   ]],

       [[0.73957098, 0.30646406],
        [0.        , 0.        ]]]), array([[[0.        , 0.        ],
        [0.23247022, 0.36421659]],

       [[0.23377244, 0.3644204 ],
        [0.        , 0.        ]]]), array([[[0.        , 0.        ],
        [0.48371978, 0.20672089]],

       [[0.4845465 , 0.20551665],
        [0.        , 0.        ]]]), array([[[0.        , 0.        ],
        [0.23160639, 0.26358418]],

       [[0.2317349 , 0.26292215],
        [0.        , 0.        ]]])]
6,12:[array([[[0.        , 0.        ],
        [0.83089119, 0.3693312 ]],

       [[0.82473963, 0.371348  ],
        [0.        , 0.        ]]]), array([[[0.        , 0.        ],
        [0.79919326, 0.30353786]],

       [[0.7933988 , 0.30172348],
        [0.        , 0.        ]]]), array([[[0.        , 0.        ],
        [0.96632783, 0.42953274]],

       [[0.95918399, 0.42873355],
        [0.        , 0.        ]]]), array([[[0.        , 0.        ],
        [0.99493871, 0.35642079]],

       [[0.98748922, 0.35536738],
        [0.        , 0.        ]]]), array([[[0.        , 0.        ],
        [0.93102281, 0.45073121]],

       [[0.92400414, 0.4498774 ],
        [0.        , 0.        ]]]), array([[[0.        , 0.        ],
        [0.77936305, 0.3693312 ]],

       [[0.77963669, 0.371348  ],
        [0.        , 0.        ]]]), array([[[0.        , 0.        ],
        [0.76821677, 0.32121968]],

       [[0.76860509, 0.32222896],
        [0.        , 0.        ]]]), array([[[0.        , 0.        ],
        [0.96632783, 0.43170032]],

       [[0.95918399, 0.42843093],
        [0.        , 0.        ]]]), array([[[0.        , 0.        ],
        [0.99493871, 0.31943618]],

       [[0.98748922, 0.3196632 ],
        [0.        , 0.        ]]]), array([[[0.        , 0.        ],
        [0.93102281, 0.45127373]],

       [[0.92400414, 0.4498774 ],
        [0.        , 0.        ]]]), array([[[0.        , 0.        ],
        [0.74071695, 0.32773985]],

       [[0.73803612, 0.32973141],
        [0.        , 0.        ]]]), array([[[0.        , 0.        ],
        [0.73104499, 0.30353786]],

       [[0.73072883, 0.30172348],
        [0.        , 0.        ]]]), array([[[0.        , 0.        ],
        [0.96632783, 0.43170032]],

       [[0.95918399, 0.42843093],
        [0.        , 0.        ]]]), array([[[0.        , 0.        ],
        [0.99493871, 0.28612075]],

       [[0.98748922, 0.2856664 ],
        [0.        , 0.        ]]]), array([[[0.        , 0.        ],
        [0.91658835, 0.45127373]],

       [[0.91678536, 0.4498774 ],
        [0.        , 0.        ]]]), array([[[0.        , 0.        ],
        [0.7986861 , 0.25620272]],

       [[0.79896652, 0.25610207],
        [0.        , 0.        ]]]), array([[[0.        , 0.        ],
        [0.73724029, 0.30253048]],

       [[0.73761294, 0.30185468],
        [0.        , 0.        ]]]), array([[[0.        , 0.        ],
        [0.96632783, 0.43052415]],

       [[0.95918399, 0.43075762],
        [0.        , 0.        ]]]), array([[[0.        , 0.        ],
        [0.99493871, 0.27198654]],

       [[0.98748922, 0.27162869],
        [0.        , 0.        ]]]), array([[[0.        , 0.        ],
        [0.93102281, 0.35489153]],

       [[0.92400414, 0.35533958],
        [0.        , 0.        ]]]), array([[[0.        , 0.        ],
        [0.75359898, 0.30943965]],

       [[0.7523222 , 0.31052376],
        [0.        , 0.        ]]]), array([[[0.        , 0.        ],
        [0.76821677, 0.30648483]],

       [[0.76932383, 0.30758219],
        [0.        , 0.        ]]]), array([[[0.        , 0.        ],
        [0.91389144, 0.43028336]],

       [[0.90958729, 0.43025435],
        [0.        , 0.        ]]]), array([[[0.        , 0.        ],
        [0.94866249, 0.35619484]],

       [[0.95211083, 0.35547365],
        [0.        , 0.        ]]]), array([[[0.        , 0.        ],
        [0.82998157, 0.43035375]],

       [[0.82904348, 0.42929477],
        [0.        , 0.        ]]])]
6,15:[array([[[0.        , 0.        ],
        [1.48299442, 0.26329255]],

       [[1.47171545, 0.26275966],
        [0.        , 0.        ]]]), array([[[0.        , 0.        ],
        [1.07014606, 0.32600171]],

       [[1.06204355, 0.32568204],
        [0.        , 0.        ]]]), array([[[0.        , 0.        ],
        [1.31608542, 0.31494979]],

       [[1.30623209, 0.31585809],
        [0.        , 0.        ]]]), array([[[0.        , 0.        ],
        [1.11327246, 0.32254833]],

       [[1.1047976 , 0.32252845],
        [0.        , 0.        ]]]), array([[[0.        , 0.        ],
        [1.58763912, 0.28699795]],

       [[1.57561052, 0.28678313],
        [0.        , 0.        ]]]), array([[[0.        , 0.        ],
        [1.48299442, 0.26329255]],

       [[1.47171545, 0.26275966],
        [0.        , 0.        ]]]), array([[[0.        , 0.        ],
        [1.07014606, 0.32600171]],

       [[1.06204355, 0.32568204],
        [0.        , 0.        ]]]), array([[[0.        , 0.        ],
        [1.31608542, 0.3017481 ]],

       [[1.30623209, 0.30171519],
        [0.        , 0.        ]]]), array([[[0.        , 0.        ],
        [1.11327246, 0.30526896]],

       [[1.1047976 , 0.30525014],
        [0.        , 0.        ]]]), array([[[0.        , 0.        ],
        [1.58763912, 0.28654775]],

       [[1.57561052, 0.28678313],
        [0.        , 0.        ]]]), array([[[0.        , 0.        ],
        [1.48299442, 0.24186176]],

       [[1.47171545, 0.24197641],
        [0.        , 0.        ]]]), array([[[0.        , 0.        ],
        [1.07014606, 0.32600171]],

       [[1.06204355, 0.32568204],
        [0.        , 0.        ]]]), array([[[0.        , 0.        ],
        [1.31608542, 0.27701465]],

       [[1.30623209, 0.27657225],
        [0.        , 0.        ]]]), array([[[0.        , 0.        ],
        [1.11327246, 0.25055094]],

       [[1.1047976 , 0.25053549],
        [0.        , 0.        ]]]), array([[[0.        , 0.        ],
        [1.58763912, 0.28014445]],

       [[1.57561052, 0.28054871],
        [0.        , 0.        ]]]), array([[[0.        , 0.        ],
        [1.48299442, 0.25257716]],

       [[1.47171545, 0.25324691],
        [0.        , 0.        ]]]), array([[[0.        , 0.        ],
        [1.07014606, 0.32600171]],

       [[1.06204355, 0.32568204],
        [0.        , 0.        ]]]), array([[[0.        , 0.        ],
        [1.31608542, 0.24733451]],

       [[1.30623209, 0.24671502],
        [0.        , 0.        ]]]), array([[[0.        , 0.        ],
        [1.11327246, 0.23853365]],

       [[1.1047976 , 0.23955422],
        [0.        , 0.        ]]]), array([[[0.        , 0.        ],
        [1.58763912, 0.33297169]],

       [[1.57561052, 0.33354124],
        [0.        , 0.        ]]]), array([[[0.        , 0.        ],
        [1.48299442, 0.24645407]],

       [[1.47171545, 0.24642996],
        [0.        , 0.        ]]]), array([[[0.        , 0.        ],
        [1.05355465, 0.32600171]],

       [[1.05374633, 0.32568204],
        [0.        , 0.        ]]]), array([[[0.        , 0.        ],
        [1.31608542, 0.27536575]],

       [[1.30623209, 0.27657225],
        [0.        , 0.        ]]]), array([[[0.        , 0.        ],
        [1.11327246, 0.29920366]],

       [[1.1047976 , 0.2994907 ],
        [0.        , 0.        ]]]), array([[[0.        , 0.        ],
        [1.58763912, 0.25933372]],

       [[1.57561052, 0.26028686],
        [0.        , 0.        ]]])]
6,18:[array([[[0.        , 0.        ],
        [2.29394596, 0.30858836]],

       [[2.27644563, 0.30842148],
        [0.        , 0.        ]]]), array([[[0.        , 0.        ],
        [1.98775515, 0.31160202]],

       [[1.97258174, 0.31102839],
        [0.        , 0.        ]]]), array([[[0.        , 0.        ],
        [2.24602894, 0.40691766]],

       [[2.22876954, 0.40732328],
        [0.        , 0.        ]]]), array([[[0.        , 0.        ],
        [1.63123326, 0.35293791]],

       [[1.61887074, 0.35258922],
        [0.        , 0.        ]]]), array([[[0.        , 0.        ],
        [2.12200754, 0.49982998]],

       [[2.10574961, 0.49737141],
        [0.        , 0.        ]]]), array([[[0.        , 0.        ],
        [2.29394596, 0.30663527]],

       [[2.27644563, 0.30540728],
        [0.        , 0.        ]]]), array([[[0.        , 0.        ],
        [1.98775515, 0.31160202]],

       [[1.97258174, 0.31266268],
        [0.        , 0.        ]]]), array([[[0.        , 0.        ],
        [2.24602894, 0.40718069]],

       [[2.22876954, 0.40809045],
        [0.        , 0.        ]]]), array([[[0.        , 0.        ],
        [1.63123326, 0.35293791]],

       [[1.61887074, 0.35236924],
        [0.        , 0.        ]]]), array([[[0.        , 0.        ],
        [2.12200754, 0.49982998]],

       [[2.10574961, 0.49938018],
        [0.        , 0.        ]]]), array([[[0.        , 0.        ],
        [2.29394596, 0.30858836]],

       [[2.27644563, 0.30837456],
        [0.        , 0.        ]]]), array([[[0.        , 0.        ],
        [1.98775515, 0.30431309]],

       [[1.97258174, 0.30381076],
        [0.        , 0.        ]]]), array([[[0.        , 0.        ],
        [2.24602894, 0.40718069]],

       [[2.22876954, 0.40875971],
        [0.        , 0.        ]]]), array([[[0.        , 0.        ],
        [1.63123326, 0.33403052]],

       [[1.61887074, 0.33294591],
        [0.        , 0.        ]]]), array([[[0.        , 0.        ],
        [2.12200754, 0.49982998]],

       [[2.10574961, 0.49800802],
        [0.        , 0.        ]]]), array([[[0.        , 0.        ],
        [2.29394596, 0.28905745]],

       [[2.27644563, 0.28900884],
        [0.        , 0.        ]]]), array([[[0.        , 0.        ],
        [1.98775515, 0.27333511]],

       [[1.97258174, 0.27424118],
        [0.        , 0.        ]]]), array([[[0.        , 0.        ],
        [2.24602894, 0.40718069]],

       [[2.22876954, 0.40725457],
        [0.        , 0.        ]]]), array([[[0.        , 0.        ],
        [1.63123326, 0.24422043]],

       [[1.61887074, 0.24431762],
        [0.        , 0.        ]]]), array([[[0.        , 0.        ],
        [2.12200754, 0.49982998]],

       [[2.10574961, 0.50031577],
        [0.        , 0.        ]]]), array([[[0.        , 0.        ],
        [2.29394596, 0.28515127]],

       [[2.27644563, 0.28479356],
        [0.        , 0.        ]]]), array([[[0.        , 0.        ],
        [1.98775515, 0.26604617]],

       [[1.97258174, 0.26630415],
        [0.        , 0.        ]]]), array([[[0.        , 0.        ],
        [2.24602894, 0.40718069]],

       [[2.22876954, 0.4084362 ],
        [0.        , 0.        ]]]), array([[[0.        , 0.        ],
        [1.63123326, 0.29306451]],

       [[1.61887074, 0.29371456],
        [0.        , 0.        ]]]), array([[[0.        , 0.        ],
        [2.12200754, 0.49982998]],

       [[2.10574961, 0.49784127],
        [0.        , 0.        ]]])]
9,9:[array([[[0.        , 0.        ],
        [0.13234785, 0.19888081]],

       [[0.13195026, 0.19873155],
        [0.        , 0.        ]]]), array([[[0.        , 0.        ],
        [0.49646184, 0.28050219]],

       [[0.49554507, 0.27946625],
        [0.        , 0.        ]]]), array([[[0.        , 0.        ],
        [0.26222704, 0.19419382]],

       [[0.26096752, 0.19423177],
        [0.        , 0.        ]]]), array([[[0.        , 0.        ],
        [0.53853194, 0.27279608]],

       [[0.53968326, 0.27332455],
        [0.        , 0.        ]]]), array([[[0.        , 0.        ],
        [0.57920547, 0.30800408]],

       [[0.57892509, 0.30764375],
        [0.        , 0.        ]]]), array([[[0.        , 0.        ],
        [0.3182367 , 0.20944277]],

       [[0.31887318, 0.20820335],
        [0.        , 0.        ]]]), array([[[0.        , 0.        ],
        [0.62138301, 0.23100306]],

       [[0.62226707, 0.23027902],
        [0.        , 0.        ]]]), array([[[0.        , 0.        ],
        [0.29532365, 0.21432092]],

       [[0.295513  , 0.21451738],
        [0.        , 0.        ]]]), array([[[0.        , 0.        ],
        [0.05413564, 0.24489051]],

       [[0.05418567, 0.24466841],
        [0.        , 0.        ]]]), array([[[0.        , 0.        ],
        [0.34081917, 0.20551665]],

       [[0.34118875, 0.20553705],
        [0.        , 0.        ]]])]
9,12:[array([[[0.        , 0.        ],
        [0.22704585, 0.23124791]],

       [[0.227247  , 0.23049186],
        [0.        , 0.        ]]]), array([[[0.        , 0.        ],
        [0.23542127, 0.23426556]],

       [[0.23604366, 0.23461897],
        [0.        , 0.        ]]]), array([[[0.        , 0.        ],
        [0.41949115, 0.20806481]],

       [[0.41930736, 0.20812337],
        [0.        , 0.        ]]]), array([[[0.        , 0.        ],
        [0.493613  , 0.2219358 ]],

       [[0.49262646, 0.22197916],
        [0.        , 0.        ]]]), array([[[0.        , 0.        ],
        [0.34642709, 0.21268847]],

       [[0.34607104, 0.21273003],
        [0.        , 0.        ]]]), array([[[0.        , 0.        ],
        [0.15699979, 0.23124791]],

       [[0.15634073, 0.23049186],
        [0.        , 0.        ]]]), array([[[0.        , 0.        ],
        [0.1734683 , 0.2340831 ]],

       [[0.17336794, 0.23471931],
        [0.        , 0.        ]]]), array([[[0.        , 0.        ],
        [0.36705476, 0.25102332]],

       [[0.36840687, 0.25170852],
        [0.        , 0.        ]]]), array([[[0.        , 0.        ],
        [0.41262962, 0.22484298]],

       [[0.41174886, 0.22529467],
        [0.        , 0.        ]]]), array([[[0.        , 0.        ],
        [0.27605909, 0.22792302]],

       [[0.27553119, 0.22840218],
        [0.        , 0.        ]]]), array([[[0.        , 0.        ],
        [0.64088119, 0.23124791]],

       [[0.64224825, 0.23049186],
        [0.        , 0.        ]]]), array([[[0.        , 0.        ],
        [0.58545553, 0.30353786]],

       [[0.58708582, 0.30227814],
        [0.        , 0.        ]]]), array([[[0.        , 0.        ],
        [0.91389144, 0.42855839]],

       [[0.91422224, 0.42998335],
        [0.        , 0.        ]]]), array([[[0.        , 0.        ],
        [0.9718006 , 0.24926355]],

       [[0.9720597 , 0.24873328],
        [0.        , 0.        ]]]), array([[[0.        , 0.        ],
        [0.84441604, 0.40943378]],

       [[0.84321659, 0.40871215],
        [0.        , 0.        ]]]), array([[[0.        , 0.        ],
        [0.43798915, 0.23124791]],

       [[0.43789369, 0.23049186],
        [0.        , 0.        ]]]), array([[[0.        , 0.        ],
        [0.48942843, 0.26702163]],

       [[0.48881157, 0.26769422],
        [0.        , 0.        ]]]), array([[[0.        , 0.        ],
        [0.6142549 , 0.26102115]],

       [[0.61610624, 0.26144113],
        [0.        , 0.        ]]]), array([[[0.        , 0.        ],
        [0.67871788, 0.20401653]],

       [[0.67720769, 0.20520089],
        [0.        , 0.        ]]]), array([[[0.        , 0.        ],
        [0.54490095, 0.27302212]],

       [[0.54482879, 0.27360118],
        [0.        , 0.        ]]]), array([[[0.        , 0.        ],
        [0.68918882, 0.23126603]],

       [[0.68540429, 0.23049186],
        [0.        , 0.        ]]]), array([[[0.        , 0.        ],
        [0.62268163, 0.2669512 ]],

       [[0.62514897, 0.26803591],
        [0.        , 0.        ]]]), array([[[0.        , 0.        ],
        [0.95885234, 0.37342151]],

       [[0.95918399, 0.37672375],
        [0.        , 0.        ]]]), array([[[0.        , 0.        ],
        [0.99493871, 0.21025114]],

       [[0.98748922, 0.21136445],
        [0.        , 0.        ]]]), array([[[0.        , 0.        ],
        [0.88771942, 0.35620897]],

       [[0.88791023, 0.35578539],
        [0.        , 0.        ]]])]
9,15:[array([[[0.        , 0.        ],
        [1.44850618, 0.20960603]],

       [[1.4487199 , 0.21032195],
        [0.        , 0.        ]]]), array([[[0.        , 0.        ],
        [0.70928286, 0.32600171]],

       [[0.70974907, 0.32568204],
        [0.        , 0.        ]]]), array([[[0.        , 0.        ],
        [1.11204117, 0.19621871]],

       [[1.11424334, 0.19642916],
        [0.        , 0.        ]]]), array([[[0.        , 0.        ],
        [0.7680717 , 0.21885335]],

       [[0.76848386, 0.21948791],
        [0.        , 0.        ]]]), array([[[0.        , 0.        ],
        [1.58763912, 0.25933372]],

       [[1.57561052, 0.26028686],
        [0.        , 0.        ]]]), array([[[0.        , 0.        ],
        [1.36803362, 0.22022291]],

       [[1.36217668, 0.22132189],
        [0.        , 0.        ]]]), array([[[0.        , 0.        ],
        [0.63047365, 0.32600171]],

       [[0.63155464, 0.32568204],
        [0.        , 0.        ]]]), array([[[0.        , 0.        ],
        [1.03042347, 0.2028143 ]],

       [[1.02782422, 0.20271489],
        [0.        , 0.        ]]]), array([[[0.        , 0.        ],
        [0.68608652, 0.19404257]],

       [[0.68728005, 0.19466454],
        [0.        , 0.        ]]]), array([[[0.        , 0.        ],
        [1.57533184, 0.28494693]],

       [[1.57561052, 0.28522452],
        [0.        , 0.        ]]]), array([[[0.        , 0.        ],
        [1.48299442, 0.23573868]],

       [[1.47171545, 0.23603834],
        [0.        , 0.        ]]]), array([[[0.        , 0.        ],
        [1.07014606, 0.32600171]],

       [[1.06204355, 0.32568204],
        [0.        , 0.        ]]]), array([[[0.        , 0.        ],
        [1.31608542, 0.22260106]],

       [[1.30623209, 0.22314352],
        [0.        , 0.        ]]]), array([[[0.        , 0.        ],
        [1.11327246, 0.26821341]],

       [[1.1047976 , 0.26871973],
        [0.        , 0.        ]]]), array([[[0.        , 0.        ],
        [1.58763912, 0.30575766]],

       [[1.57561052, 0.30548637],
        [0.        , 0.        ]]]), array([[[0.        , 0.        ],
        [1.48299442, 0.16351325]],

       [[1.47171545, 0.16319236],
        [0.        , 0.        ]]]), array([[[0.        , 0.        ],
        [0.89593624, 0.32600171]],

       [[0.89618174, 0.32568204],
        [0.        , 0.        ]]]), array([[[0.        , 0.        ],
        [1.31608542, 0.19621871]],

       [[1.30623209, 0.19642916],
        [0.        , 0.        ]]]), array([[[0.        , 0.        ],
        [0.95793212, 0.1740141 ]],

       [[0.95230422, 0.17524548],
        [0.        , 0.        ]]]), array([[[0.        , 0.        ],
        [1.58763912, 0.25892206]],

       [[1.57561052, 0.26028686],
        [0.        , 0.        ]]]), array([[[0.        , 0.        ],
        [1.48299442, 0.24186176]],

       [[1.47171545, 0.24197641],
        [0.        , 0.        ]]]), array([[[0.        , 0.        ],
        [1.07014606, 0.32600468]],

       [[1.06204355, 0.32568204],
        [0.        , 0.        ]]]), array([[[0.        , 0.        ],
        [1.31610279, 0.22618253]],

       [[1.30623209, 0.22628639],
        [0.        , 0.        ]]]), array([[[0.        , 0.        ],
        [1.11327246, 0.26783031]],

       [[1.1047976 , 0.2678138 ],
        [0.        , 0.        ]]]), array([[[0.        , 0.        ],
        [1.58763912, 0.25957552]],

       [[1.57561052, 0.26028686],
        [0.        , 0.        ]]])]
9,18:[array([[[0.        , 0.        ],
        [2.29394596, 0.17382509]],

       [[2.27644563, 0.17437202],
        [0.        , 0.        ]]]), array([[[0.        , 0.        ],
        [1.98775515, 0.2405349 ]],

       [[1.97258174, 0.23993564],
        [0.        , 0.        ]]]), array([[[0.        , 0.        ],
        [2.24602894, 0.17177935]],

       [[2.22876954, 0.17123671],
        [0.        , 0.        ]]]), array([[[0.        , 0.        ],
        [1.63123326, 0.23319112]],

       [[1.61887074, 0.23374785],
        [0.        , 0.        ]]]), array([[[0.        , 0.        ],
        [2.12200754, 0.2531397 ]],

       [[2.10574961, 0.25385446],
        [0.        , 0.        ]]]), array([[[0.        , 0.        ],
        [2.29394596, 0.17382509]],

       [[2.27644563, 0.17444645],
        [0.        , 0.        ]]]), array([[[0.        , 0.        ],
        [1.98775515, 0.2405349 ]],

       [[1.97258174, 0.24003797],
        [0.        , 0.        ]]]), array([[[0.        , 0.        ],
        [2.24602894, 0.20836199]],

       [[2.22876954, 0.20868649],
        [0.        , 0.        ]]]), array([[[0.        , 0.        ],
        [1.63123326, 0.23319112]],

       [[1.61887074, 0.23384753],
        [0.        , 0.        ]]]), array([[[0.        , 0.        ],
        [2.12200754, 0.29022386]],

       [[2.10574961, 0.29135607],
        [0.        , 0.        ]]]), array([[[0.        , 0.        ],
        [2.29394596, 0.27147964]],

       [[2.27644563, 0.27173316],
        [0.        , 0.        ]]]), array([[[0.        , 0.        ],
        [1.98775515, 0.25511277]],

       [[1.97258174, 0.25410792],
        [0.        , 0.        ]]]), array([[[0.        , 0.        ],
        [2.24602894, 0.40718069]],

       [[2.22876954, 0.40680368],
        [0.        , 0.        ]]]), array([[[0.        , 0.        ],
        [1.63123326, 0.25367412]],

       [[1.61887074, 0.25267212],
        [0.        , 0.        ]]]), array([[[0.        , 0.        ],
        [2.12200754, 0.49982998]],

       [[2.10574961, 0.49908665],
        [0.        , 0.        ]]]), array([[[0.        , 0.        ],
        [2.29394596, 0.17382509]],

       [[2.27644563, 0.1737491 ],
        [0.        , 0.        ]]]), array([[[0.        , 0.        ],
        [1.98775515, 0.2405349 ]],

       [[1.97258174, 0.23946355],
        [0.        , 0.        ]]]), array([[[0.        , 0.        ],
        [2.24602894, 0.24507541]],

       [[2.22876954, 0.245351  ],
        [0.        , 0.        ]]]), array([[[0.        , 0.        ],
        [1.63123326, 0.23319112]],

       [[1.61887074, 0.23340776],
        [0.        , 0.        ]]]), array([[[0.        , 0.        ],
        [2.12200754, 0.32892037]],

       [[2.10574961, 0.32931602],
        [0.        , 0.        ]]]), array([[[0.        , 0.        ],
        [2.29394596, 0.24218327]],

       [[2.27644563, 0.24283406],
        [0.        , 0.        ]]]), array([[[0.        , 0.        ],
        [1.98775515, 0.25511277]],

       [[1.97258174, 0.25511701],
        [0.        , 0.        ]]]), array([[[0.        , 0.        ],
        [2.24602894, 0.3658264 ]],

       [[2.22876954, 0.36735827],
        [0.        , 0.        ]]]), array([[[0.        , 0.        ],
        [1.63123326, 0.25367412]],

       [[1.61887074, 0.25334926],
        [0.        , 0.        ]]]), array([[[0.        , 0.        ],
        [2.12200754, 0.44823463]],

       [[2.10574961, 0.45076691],
        [0.        , 0.        ]]])]
12,12:[array([[[0.        , 0.        ],
        [0.10454563, 0.20488165]],

       [[0.10466653, 0.20462945],
        [0.        , 0.        ]]]), array([[[0.        , 0.        ],
        [0.32023655, 0.29291674]],

       [[0.32044059, 0.29280311],
        [0.        , 0.        ]]]), array([[[0.        , 0.        ],
        [0.39334786, 0.20168038]],

       [[0.39290203, 0.20130214],
        [0.        , 0.        ]]]), array([[[0.        , 0.        ],
        [0.20027816, 0.2657059 ]],

       [[0.19967153, 0.26452099],
        [0.        , 0.        ]]]), array([[[0.        , 0.        ],
        [0.33334565, 0.23434834]],

       [[0.33454601, 0.23428408],
        [0.        , 0.        ]]]), array([[[0.        , 0.        ],
        [0.38949151, 0.23434834]],

       [[0.39030368, 0.23428408],
        [0.        , 0.        ]]]), array([[[0.        , 0.        ],
        [0.26162463, 0.30800493]],

       [[0.26175251, 0.30873939],
        [0.        , 0.        ]]]), array([[[0.        , 0.        ],
        [0.21981204, 0.25674168]],

       [[0.22098195, 0.25657661],
        [0.        , 0.        ]]]), array([[[0.        , 0.        ],
        [0.1623877 , 0.22115401]],

       [[0.16292737, 0.22052814],
        [0.        , 0.        ]]]), array([[[0.        , 0.        ],
        [0.26342893, 0.25103969]],

       [[0.26416008, 0.24993189],
        [0.        , 0.        ]]])]
12,15:[array([[[0.        , 0.        ],
        [1.33354537, 0.20808293]],

       [[1.32684949, 0.20830624],
        [0.        , 0.        ]]]), array([[[0.        , 0.        ],
        [0.60973438, 0.28491355]],

       [[0.6086761 , 0.28448484],
        [0.        , 0.        ]]]), array([[[0.        , 0.        ],
        [0.96410909, 0.16835178]],

       [[0.96615254, 0.16719723],
        [0.        , 0.        ]]]), array([[[0.        , 0.        ],
        [0.66882648, 0.22568995]],

       [[0.66986576, 0.22646195],
        [0.        , 0.        ]]]), array([[[0.        , 0.        ],
        [1.51379544, 0.25930334]],

       [[1.50719797, 0.25953003],
        [0.        , 0.        ]]]), array([[[0.        , 0.        ],
        [1.36803362, 0.22349251]],

       [[1.36296524, 0.22267768],
        [0.        , 0.        ]]]), array([[[0.        , 0.        ],
        [0.57655156, 0.28368418]],

       [[0.57307538, 0.28497179],
        [0.        , 0.        ]]]), array([[[0.        , 0.        ],
        [1.03042347, 0.19958473]],

       [[1.02841923, 0.19957202],
        [0.        , 0.        ]]]), array([[[0.        , 0.        ],
        [0.62999139, 0.21237818]],

       [[0.63199238, 0.21257935],
        [0.        , 0.        ]]]), array([[[0.        , 0.        ],
        [1.57533184, 0.29135023]],

       [[1.57561052, 0.29145894],
        [0.        , 0.        ]]]), array([[[0.        , 0.        ],
        [1.02889923, 0.19440787]],

       [[1.02625514, 0.19447184],
        [0.        , 0.        ]]]), array([[[0.        , 0.        ],
        [0.46041168, 0.32600171]],

       [[0.46069118, 0.32568204],
        [0.        , 0.        ]]]), array([[[0.        , 0.        ],
        [0.69885156, 0.21435658]],

       [[0.69665495, 0.21371492],
        [0.        , 0.        ]]]), array([[[0.        , 0.        ],
        [0.34735827, 0.21743213]],

       [[0.34646803, 0.21741873],
        [0.        , 0.        ]]]), array([[[0.        , 0.        ],
        [1.23688164, 0.25933372]],

       [[1.23600072, 0.26028686],
        [0.        , 0.        ]]]), array([[[0.        , 0.        ],
        [0.97716687, 0.16379246]],

       [[0.97951331, 0.16329696],
        [0.        , 0.        ]]]), array([[[0.        , 0.        ],
        [0.40441566, 0.32600171]],

       [[0.40491692, 0.32568204],
        [0.        , 0.        ]]]), array([[[0.        , 0.        ],
        [0.63763829, 0.19621871]],

       [[0.64015437, 0.19642916],
        [0.        , 0.        ]]]), array([[[0.        , 0.        ],
        [0.27616061, 0.18863318]],

       [[0.27572914, 0.18862155],
        [0.        , 0.        ]]]), array([[[0.        , 0.        ],
        [1.18149888, 0.29615271]],

       [[1.18004359, 0.29613475],
        [0.        , 0.        ]]]), array([[[0.        , 0.        ],
        [1.17260024, 0.34595417]],

       [[1.16919144, 0.34484864],
        [0.        , 0.        ]]]), array([[[0.        , 0.        ],
        [0.51018591, 0.31659782]],

       [[0.50881479, 0.31628737],
        [0.        , 0.        ]]]), array([[[0.        , 0.        ],
        [0.76516594, 0.27041906]],

       [[0.76502649, 0.27028652],
        [0.        , 0.        ]]]), array([[[0.        , 0.        ],
        [0.50917113, 0.31756052]],

       [[0.50881479, 0.31758731],
        [0.        , 0.        ]]]), array([[[0.        , 0.        ],
        [1.30457168, 0.27534197]],

       [[1.30631883, 0.2758729 ],
        [0.        , 0.        ]]])]
12,18:[array([[[0.        , 0.        ],
        [2.29394596, 0.23046473]],

       [[2.27644563, 0.22982556],
        [0.        , 0.        ]]]), array([[[0.        , 0.        ],
        [1.98775515, 0.2405349 ]],

       [[1.97258174, 0.23998078],
        [0.        , 0.        ]]]), array([[[0.        , 0.        ],
        [2.24602894, 0.26250462]],

       [[2.22876954, 0.2631027 ],
        [0.        , 0.        ]]]), array([[[0.        , 0.        ],
        [1.5932976 , 0.23369314]],

       [[1.59357588, 0.23369314],
        [0.        , 0.        ]]]), array([[[0.        , 0.        ],
        [2.12200754, 0.32892037]],

       [[2.10574961, 0.32651619],
        [0.        , 0.        ]]]), array([[[0.        , 0.        ],
        [2.29394596, 0.23437091]],

       [[2.27644563, 0.23476139],
        [0.        , 0.        ]]]), array([[[0.        , 0.        ],
        [1.98775515, 0.2405349 ]],

       [[1.97258174, 0.24085162],
        [0.        , 0.        ]]]), array([[[0.        , 0.        ],
        [2.24602894, 0.23381079]],

       [[2.22876954, 0.23473028],
        [0.        , 0.        ]]]), array([[[0.        , 0.        ],
        [1.63123326, 0.23319112]],

       [[1.61887074, 0.23351021],
        [0.        , 0.        ]]]), array([[[0.        , 0.        ],
        [2.12200754, 0.2031567 ]],

       [[2.10574961, 0.20234668],
        [0.        , 0.        ]]]), array([[[0.        , 0.        ],
        [2.29394596, 0.27538582]],

       [[2.27644563, 0.27565301],
        [0.        , 0.        ]]]), array([[[0.        , 0.        ],
        [1.98775515, 0.2405349 ]],

       [[1.97258174, 0.24171409],
        [0.        , 0.        ]]]), array([[[0.        , 0.        ],
        [2.24602894, 0.20040925]],

       [[2.22876954, 0.19923149],
        [0.        , 0.        ]]]), array([[[0.        , 0.        ],
        [1.327748  , 0.23949358]],

       [[1.32589168, 0.23945725],
        [0.        , 0.        ]]]), array([[[0.        , 0.        ],
        [2.12200754, 0.17574667]],

       [[2.10574961, 0.17585141],
        [0.        , 0.        ]]]), array([[[0.        , 0.        ],
        [2.29394596, 0.21874618]],

       [[2.27644563, 0.21937548],
        [0.        , 0.        ]]]), array([[[0.        , 0.        ],
        [1.97234619, 0.2405349 ]],

       [[1.97258174, 0.23954922],
        [0.        , 0.        ]]]), array([[[0.        , 0.        ],
        [2.24602894, 0.24971628]],

       [[2.22876954, 0.24991176],
        [0.        , 0.        ]]]), array([[[0.        , 0.        ],
        [1.26452191, 0.23319112]],

       [[1.26488333, 0.23258418],
        [0.        , 0.        ]]]), array([[[0.        , 0.        ],
        [2.12200754, 0.33214508]],

       [[2.10574961, 0.33082443],
        [0.        , 0.        ]]]), array([[[0.        , 0.        ],
        [2.29394596, 0.25585491]],

       [[2.27644563, 0.25471008],
        [0.        , 0.        ]]]), array([[[0.        , 0.        ],
        [1.98775515, 0.2405349 ]],

       [[1.97258174, 0.23990803],
        [0.        , 0.        ]]]), array([[[0.        , 0.        ],
        [2.24602894, 0.20040925]],

       [[2.22876954, 0.19924716],
        [0.        , 0.        ]]]), array([[[0.        , 0.        ],
        [1.3909741 , 0.2410692 ]],

       [[1.3929256 , 0.24145501],
        [0.        , 0.        ]]]), array([[[0.        , 0.        ],
        [2.12200754, 0.2531397 ]],

       [[2.10574961, 0.25329566],
        [0.        , 0.        ]]])]
15,15:[array([[[0.        , 0.        ],
        [0.82127489, 0.28887922]],

       [[0.82196978, 0.28966912],
        [0.        , 0.        ]]]), array([[[0.        , 0.        ],
        [0.88759249, 0.19512869]],

       [[0.88519822, 0.19642916],
        [0.        , 0.        ]]]), array([[[0.        , 0.        ],
        [0.73786663, 0.1751731 ]],

       [[0.73574917, 0.17450785],
        [0.        , 0.        ]]]), array([[[0.        , 0.        ],
        [0.51075212, 0.26000734]],

       [[0.50870158, 0.26028686],
        [0.        , 0.        ]]]), array([[[0.        , 0.        ],
        [0.4897062 , 0.31694969]],

       [[0.48944665, 0.31742952],
        [0.        , 0.        ]]]), array([[[0.        , 0.        ],
        [0.23301051, 0.27870867]],

       [[0.23227977, 0.27922989],
        [0.        , 0.        ]]]), array([[[0.        , 0.        ],
        [1.02765788, 0.32568204]],

       [[1.02866753, 0.32600171],
        [0.        , 0.        ]]]), array([[[0.        , 0.        ],
        [0.40345339, 0.19642916]],

       [[0.4029993 , 0.19662899],
        [0.        , 0.        ]]]), array([[[0.        , 0.        ],
        [0.54152032, 0.25933372]],

       [[0.54071727, 0.26052568],
        [0.        , 0.        ]]]), array([[[0.        , 0.        ],
        [0.94766056, 0.2902688 ]],

       [[0.9493021 , 0.28990033],
        [0.        , 0.        ]]])]
15,18:[array([[[0.        , 0.        ],
        [1.61820994, 0.17383583]],

       [[1.62094739, 0.17450785],
        [0.        , 0.        ]]]), array([[[0.        , 0.        ],
        [1.00928653, 0.2405349 ]],

       [[1.00590707, 0.24033099],
        [0.        , 0.        ]]]), array([[[0.        , 0.        ],
        [1.51476371, 0.23714802]],

       [[1.51748267, 0.23726945],
        [0.        , 0.        ]]]), array([[[0.        , 0.        ],
        [0.55006703, 0.23319112]],

       [[0.54893786, 0.23267827],
        [0.        , 0.        ]]]), array([[[0.        , 0.        ],
        [1.27484949, 0.26926424]],

       [[1.27606497, 0.26941563],
        [0.        , 0.        ]]]), array([[[0.        , 0.        ],
        [2.29394596, 0.32616618]],

       [[2.27644563, 0.32634128],
        [0.        , 0.        ]]]), array([[[0.        , 0.        ],
        [1.8336656 , 0.22777926]],

       [[1.8250553 , 0.22766146],
        [0.        , 0.        ]]]), array([[[0.        , 0.        ],
        [2.24602894, 0.32568204]],

       [[2.22876954, 0.32630058],
        [0.        , 0.        ]]]), array([[[0.        , 0.        ],
        [1.11910189, 0.28497179]],

       [[1.1199203 , 0.28423777],
        [0.        , 0.        ]]]), array([[[0.        , 0.        ],
        [2.0891082 , 0.36326074]],

       [[2.08929844, 0.36411118],
        [0.        , 0.        ]]]), array([[[0.        , 0.        ],
        [2.13390322, 0.21484   ]],

       [[2.14246464, 0.21483613],
        [0.        , 0.        ]]]), array([[[0.        , 0.        ],
        [1.33287457, 0.2405349 ]],

       [[1.33648985, 0.23978885],
        [0.        , 0.        ]]]), array([[[0.        , 0.        ],
        [2.1241514 , 0.20677144]],

       [[2.12213421, 0.20654875],
        [0.        , 0.        ]]]), array([[[0.        , 0.        ],
        [1.01794014, 0.23257212]],

       [[1.01512015, 0.23257212],
        [0.        , 0.        ]]]), array([[[0.        , 0.        ],
        [1.60384291, 0.2886115 ]],

       [[1.60174737, 0.28763626],
        [0.        , 0.        ]]]), array([[[0.        , 0.        ],
        [2.29394596, 0.21093382]],

       [[2.27644563, 0.2102324 ],
        [0.        , 0.        ]]]), array([[[0.        , 0.        ],
        [1.74121187, 0.22960149]],

       [[1.74326385, 0.2304386 ],
        [0.        , 0.        ]]]), array([[[0.        , 0.        ],
        [2.24602894, 0.21631474]],

       [[2.22876954, 0.21599219],
        [0.        , 0.        ]]]), array([[[0.        , 0.        ],
        [1.08748884, 0.20010319]],

       [[1.0873824 , 0.20023459],
        [0.        , 0.        ]]]), array([[[0.        , 0.        ],
        [2.00685985, 0.28216208]],

       [[2.00216443, 0.28222979],
        [0.        , 0.        ]]]), array([[[0.        , 0.        ],
        [1.95607795, 0.25976109]],

       [[1.95685752, 0.25983767],
        [0.        , 0.        ]]]), array([[[0.        , 0.        ],
        [0.81667459, 0.2405349 ]],

       [[0.81843412, 0.23915496],
        [0.        , 0.        ]]]), array([[[0.        , 0.        ],
        [1.91521848, 0.26028686]],

       [[1.9076284 , 0.25980597],
        [0.        , 0.        ]]]), array([[[0.        , 0.        ],
        [0.67651922, 0.29301754]],

       [[0.6769004 , 0.29217592],
        [0.        , 0.        ]]]), array([[[0.        , 0.        ],
        [1.06100377, 0.28522452]],

       [[1.06457972, 0.28558899],
        [0.        , 0.        ]]])]
18,18:[array([[[0.        , 0.        ],
        [1.19419398, 0.2405349 ]],

       [[1.1914293 , 0.24025527],
        [0.        , 0.        ]]]), array([[[0.        , 0.        ],
        [0.68773754, 0.26721242]],

       [[0.68462728, 0.26757345],
        [0.        , 0.        ]]]), array([[[0.        , 0.        ],
        [1.35303844, 0.23319112]],

       [[1.34258078, 0.23443083],
        [0.        , 0.        ]]]), array([[[0.        , 0.        ],
        [1.27484949, 0.34826863]],

       [[1.27145067, 0.34960327],
        [0.        , 0.        ]]]), array([[[0.        , 0.        ],
        [1.14042555, 0.24031167]],

       [[1.14026264, 0.2405349 ],
        [0.        , 0.        ]]]), array([[[0.        , 0.        ],
        [0.70813227, 0.23949358]],

       [[0.70881191, 0.23952176],
        [0.        , 0.        ]]]), array([[[0.        , 0.        ],
        [0.649762  , 0.25799103]],

       [[0.64717609, 0.25933183],
        [0.        , 0.        ]]]), array([[[0.        , 0.        ],
        [1.30245757, 0.24579604]],

       [[1.29712524, 0.24675629],
        [0.        , 0.        ]]]), array([[[0.        , 0.        ],
        [1.22550048, 0.17574667]],

       [[1.22748093, 0.17660615],
        [0.        , 0.        ]]]), array([[[0.        , 0.        ],
        [0.97875542, 0.27739117]],

       [[0.98000448, 0.27730836],
        [0.        , 0.        ]]])]
