3,3:[array([[0.        , 0.9255833 ],
       [0.92974525, 0.        ]]), array([[0.        , 0.7471978 ],
       [0.74651738, 0.        ]]), array([[0.        , 0.68885308],
       [0.69116888, 0.        ]]), array([[0.        , 0.64360021],
       [0.64526419, 0.        ]]), array([[0.        , 0.31787625],
       [0.31936467, 0.        ]]), array([[0.        , 0.29846731],
       [0.29883144, 0.        ]]), array([[0.        , 0.3859347 ],
       [0.38604549, 0.        ]]), array([[0.        , 0.25242023],
       [0.25227389, 0.        ]]), array([[0.        , 0.26315487],
       [0.26329281, 0.        ]]), array([[0.        , 0.28567286],
       [0.28604769, 0.        ]])]
